Loading results from .\barclays_20_tau_075_ragas_results_20251013_150414.csv

=== Per-question metrics ===
    question_id  context_precision  context_recall
0             1           0.681650             0.0
1             2           0.699554             1.0
2             3           0.601363             1.0
3             4           0.866667             1.0
4             5           0.000000             0.0
5             6           0.666667             1.0
6             7           0.066667             0.0
7             8           0.366667             1.0
8             9           0.000000             0.0
9            10           0.112121             0.5
10           11           1.000000             1.0
11           12           0.416667             0.0
12           13           0.000000             0.0
13           14           1.000000             0.0
14           15           0.000000             0.0
15           16           1.000000             1.0
16           17           1.000000             0.5
17           18           0.892857             1.0
18           19           0.000000             0.0
19           20           1.000000             1.0

=== Averages ===
context_precision    0.518544
context_recall       0.500000